00000000001100010000000010110011
01000000011000101000001000110011
00000000100101000111001110110011
00000000110001011110010100110011
00000000111101110100011010110011
00000001001010001001100000110011
00000001010110100101100110110011
00000110010010111000101100010011
00001111111111001111110000010011
00000000111111011110110100010011
00000010000000010000001010000011
11111111000000011001001100000011
00000000000000100010001110000011
00000100100001001000000000100011
11111110101001011001111000100011
00001000110001101010000000100011
00000010001000001000010001100011
11111110010000011001011011100011
